
BETX0 = 103.78033463287   ;
ALFX0 =  -2.36057438180   ;
MUX0  =   0;              ;
X0    =   0;
PX0   =   0;
DX0   =   1.41050715759   ;
DPX0  =   0.03210841813   ;
BETY0 =  20.44889101098   ;
ALFY0 =   0.54619429886   ;
MUY0  =   0;
Y0    =   0;
PY0   =   0;
DY0   =   0;
DPY0  =   0;

return;

